commit_hash,branch_name
6d4386dc603f28e71ba9af40c2d1e1ec3da29775,master
