web_url,created_at
http://145.108.225.21/gitlab/kulinp_qotd,2017-12-03T18:47:52.647Z
