commit_hash,branch_name
abd8ec3bd09c017badd27c12b0266122e5611192,master
